$ 1 0.00009999999999999999 21.593987231061412 57 12 43 5e-11
r 160 128 160 208 0 91000
r 160 208 160 288 0 100000
c 80 208 160 208 0 0.00001 -6.278890299571948 0.001
r 224 336 224 400 0 10000
r 224 336 320 336 0 120000
r 352 400 352 464 0 3600.64
r 352 352 416 352 0 1000000
c 352 400 416 400 0 1e-8 -0.6332127181722171 0.001
c 416 400 480 400 0 1e-9 0.09774067073806236 0.001
c 480 240 544 240 0 0.000009999999999999999 6.835847617228832 0.001
w 160 208 224 208 0
w 224 240 224 336 0
w 320 224 320 336 0
c 224 400 224 464 0 0.0000022 6.279356750919227 0.001
g 224 464 224 480 0 0
w 320 224 352 224 0
r 416 352 480 352 0 51000
w 352 352 352 400 0
w 416 352 416 400 0
w 480 352 480 400 0
w 352 256 352 352 0
g 352 528 352 544 0 0
c 352 464 352 528 0 0.0000023299999999999997 6.29288065906152 0.001
w 448 240 480 240 0
w 480 240 480 352 0
g 160 288 160 304 0 0
R 160 128 160 96 0 0 40 12 0 0 0.5
v 80 304 80 208 0 1 40 0.001 0 0 0.5
g 80 304 80 320 0 0
409 224 224 320 224 3 0.6 -5.674077079358347 0.023100000000000002 0
g 272 256 272 272 0 0
w 160 128 272 128 0
w 272 128 272 192 0
409 352 240 448 240 3 0.6 -6.165376935614968 0.023100000000000002 0
g 400 272 400 288 0 0
w 272 128 400 128 0
w 400 128 400 208 0
O 544 240 576 240 0 0
r 544 240 544 336 0 1000
g 544 336 544 352 0 0
o 27 8 0 12546 0.000999995087412242 0.0001 0 2 27 3
o 10 8 0 12546 6.279895136290993 0.0001 0 2 10 3
o 15 8 0 12546 6.301205125119256 0.0001 0 2 15 3
o 24 8 0 12546 11.52329301895136 0.0001 0 2 24 3
o 37 8 0 12546 2.5645427005106263 0.0001 0 1
o 17 8 0 x83112 4.575275777273559 0.0001 1 2 2 -70 17 3 0.000048828125 0
38 5 F1 0 1 10000 -1 Amplification
38 22 F1 0 0.000001 0.000019999999999999998 -1 Capacitance
